$ANSIBLE_VAULT;1.1;AES256
37363364373363613363613262383937633063373637613931613936363764643764343035623161
3032623831356131333437353739343862333761356361350a313963396230636236396364353535
62643863366261316663363432336139613638336362623737353635383338356661623030653966
6430356138383562660a306133383937383162306538643432646638373064306231633961366261
35616432353830333166323536313136653233653330316362306531396439386430376561353139
61333866626536303932373436333635633839383833656636643235616439666163613362353937
35356531616635323733663434643236346630613237316430616161323239653366366235313738
61356639643639373137666563616462373231663566313037616132363161303839623739643862
33303634333031303766326464316237376331363338343737626330663866313337343362626336
61363361663163303338363836626533626333623536383065333462343838623464376530633338
626433353134633234363065356466646262
